-1 -1 -1 -1 -1 -1 -1 0.8354
1 -1 -1 -1 -1 -1 -1 1.3346
-1 1 -1 -1 -1 -1 -1 0.9932
1 1 -1 -1 -1 -1 -1 1.4545
-1 -1 1 -1 -1 -1 -1 0.249
1 -1 1 -1 -1 -1 -1 0.442
-1 1 1 -1 -1 -1 -1 0.4537
1 1 1 -1 -1 -1 -1 0.597
-1 -1 -1 1 -1 -1 -1 1.0497
1 -1 -1 1 -1 -1 -1 0.8092
-1 1 -1 1 -1 -1 -1 1.0925
1 1 -1 1 -1 -1 -1 1.3679
-1 -1 1 1 -1 -1 -1 0.0266
1 -1 1 1 -1 -1 -1 0.5381
-1 1 1 1 -1 -1 -1 1.4692
1 1 1 1 -1 -1 -1 1.3909
-1 -1 -1 -1 1 -1 -1 0.3651
1 -1 -1 -1 1 -1 -1 1.4103
-1 1 -1 -1 1 -1 -1 0.4101
1 1 -1 -1 1 -1 -1 0.4627
-1 -1 1 -1 1 -1 -1 0.7708
1 -1 1 -1 1 -1 -1 0.6941
-1 1 1 -1 1 -1 -1 0.208
1 1 1 -1 1 -1 -1 0.4435
-1 -1 -1 1 1 -1 -1 1.4838
1 -1 -1 1 1 -1 -1 0.6839
-1 1 -1 1 1 -1 -1 1.1011
1 1 -1 1 1 -1 -1 1.4573
-1 -1 1 1 1 -1 -1 0.2529
1 -1 1 1 1 -1 -1 0.2378
-1 1 1 1 1 -1 -1 0.6671
1 1 1 1 1 -1 -1 0.6402
-1 -1 -1 -1 -1 1 -1 0.2393
1 -1 -1 -1 -1 1 -1 0.0977
-1 1 -1 -1 -1 1 -1 1.0775
1 1 -1 -1 -1 1 -1 0.4503
-1 -1 1 -1 -1 1 -1 1.1093
1 -1 1 -1 -1 1 -1 1.1193
-1 1 1 -1 -1 1 -1 0.0718
1 1 1 -1 -1 1 -1 0.9759
-1 -1 -1 1 -1 1 -1 1.1809
1 -1 -1 1 -1 1 -1 0.3058
-1 1 -1 1 -1 1 -1 1.1768
1 1 -1 1 -1 1 -1 0.6612
-1 -1 1 1 -1 1 -1 1.4986
1 -1 1 1 -1 1 -1 0.586
-1 1 1 1 -1 1 -1 1.1088
1 1 1 1 -1 1 -1 0.7273
-1 -1 -1 -1 1 1 -1 1.2402
1 -1 -1 -1 1 1 -1 1.0712
-1 1 -1 -1 1 1 -1 1.0053
1 1 -1 -1 1 1 -1 0.8594
-1 -1 1 -1 1 1 -1 0.957
1 -1 1 -1 1 1 -1 0.3101
-1 1 1 -1 1 1 -1 0.2401
1 1 1 -1 1 1 -1 1.0198
-1 -1 -1 1 1 1 -1 0.6862
1 -1 -1 1 1 1 -1 0.0092
-1 1 -1 1 1 1 -1 0.6165
1 1 -1 1 1 1 -1 1.0987
-1 -1 1 1 1 1 -1 0.6214
1 -1 1 1 1 1 -1 0.4709
-1 1 1 1 1 1 -1 1.0226
1 1 1 1 1 1 -1 0.3744
-1 -1 -1 -1 -1 -1 1 0.9072
1 -1 -1 -1 -1 -1 1 0.3794
-1 1 -1 -1 -1 -1 1 1.0044
1 1 -1 -1 -1 -1 1 0.0104
-1 -1 1 -1 -1 -1 1 1.1792
1 -1 1 -1 -1 -1 1 1.4111
-1 1 1 -1 -1 -1 1 0.9504
1 1 1 -1 -1 -1 1 0.2843
-1 -1 -1 1 -1 -1 1 1.3969
1 -1 -1 1 -1 -1 1 1.2557
-1 1 -1 1 -1 -1 1 0.6619
1 1 -1 1 -1 -1 1 0.2638
-1 -1 1 1 -1 -1 1 0.8915
1 -1 1 1 -1 -1 1 0.2665
-1 1 1 1 -1 -1 1 1.0063
1 1 1 1 -1 -1 1 1.2109
-1 -1 -1 -1 1 -1 1 0.7061
1 -1 -1 -1 1 -1 1 0.8037
-1 1 -1 -1 1 -1 1 1.075
1 1 -1 -1 1 -1 1 0.6931
-1 -1 1 -1 1 -1 1 1.2375
1 -1 1 -1 1 -1 1 1.1956
-1 1 1 -1 1 -1 1 1.1019
1 1 1 -1 1 -1 1 0.7139
-1 -1 -1 1 1 -1 1 1.2662
1 -1 -1 1 1 -1 1 0.5504
-1 1 -1 1 1 -1 1 0.5962
1 1 -1 1 1 -1 1 0.2242
-1 -1 1 1 1 -1 1 0.2791
1 -1 1 1 1 -1 1 1.3478
-1 1 1 1 1 -1 1 1.2506
1 1 1 1 1 -1 1 0.4755
-1 -1 -1 -1 -1 1 1 1.3247
1 -1 -1 -1 -1 1 1 0.7703
-1 1 -1 -1 -1 1 1 0.8569
1 1 -1 -1 -1 1 1 0.2348
-1 -1 1 -1 -1 1 1 0.1731
1 -1 1 -1 -1 1 1 1.0511
-1 1 1 -1 -1 1 1 0.8937
1 1 1 -1 -1 1 1 0.153
-1 -1 -1 1 -1 1 1 1.0886
1 -1 -1 1 -1 1 1 1.3159
-1 1 -1 1 -1 1 1 0.031
1 1 -1 1 -1 1 1 1.2571
-1 -1 1 1 -1 1 1 1.3146
1 -1 1 1 -1 1 1 0.8767
-1 1 1 1 -1 1 1 0.9636
1 1 1 1 -1 1 1 1.2113
-1 -1 -1 -1 1 1 1 0.2344
1 -1 -1 -1 1 1 1 0.5731
-1 1 -1 -1 1 1 1 1.2124
1 1 -1 -1 1 1 1 0.0732
-1 -1 1 -1 1 1 1 0.6883
1 -1 1 -1 1 1 1 1.0626
-1 1 1 -1 1 1 1 1.3631
1 1 1 -1 1 1 1 0.1529
-1 -1 -1 1 1 1 1 0.1087
1 -1 -1 1 1 1 1 0.7876
-1 1 -1 1 1 1 1 0.4918
1 1 -1 1 1 1 1 0.5412
-1 -1 1 1 1 1 1 0.041
1 -1 1 1 1 1 1 1.1302
-1 1 1 1 1 1 1 0.3629
1 1 1 1 1 1 1 1.0277
